image_width: 8192
image_height: 5464
camera_name: EOS01
camera_matrix:
  rows: 3
  cols: 3
  data:
  - 6817.962347236705
  - 0.0
  - 4152.676746127389
  - 0.0
  - 6804.733424329945
  - 2775.9418824664535
  - 0.0
  - 0.0
  - 1.0
distortion_model: OPENCV
distortion_coefficients:
  rows: 1
  cols: 4
  data:
  - 0.014375861618895787
  - -0.010164258749155063
  - 0.0020966532834403966
  - 0.00011503382773876339
