image_width: 8192
image_height: 5464
camera_name: EOS01
camera_matrix:
  rows: 3
  cols: 3
  data:
  - 6504.636284376344
  - 0.0
  - 4197.598874768326
  - 0.0
  - 6504.636284376344
  - 2667.3244307849654
  - 0.0
  - 0.0
  - 1.0
distortion_model: SIMPLE_PINHOLE
distortion_coefficients:
  rows: 1
  cols: 0
  data: []
