image_width: 8192
image_height: 5464
camera_name: EOS01
camera_matrix:
  rows: 3
  cols: 3
  data:
  - 6839.753313699385
  - 0.0
  - 4182.09953373948
  - 0.0
  - 6845.436867096716
  - 2652.45001624596
  - 0.0
  - 0.0
  - 1.0
distortion_model: FULL_OPENCV
distortion_coefficients:
  rows: 1
  cols: 8
  data:
  - 15.696662628929108
  - -42.8354283553594
  - -0.004288861819262845
  - 0.003040078039529617
  - 87.88795300892463
  - 15.583073550638805
  - -42.44002276482541
  - 87.11746080469632
