image_width: 8192
image_height: 5464
camera_name: mounted_camera
camera_matrix:
  rows: 3
  cols: 3
  data:
  - 16843.121169066722
  - 0.0
  - 4114.903671573997
  - 0.0
  - 17529.35116004849
  - 2620.3766066764183
  - 0.0
  - 0.0
  - 1.0
distortion_model: plumb_bob
distortion_coefficients:
  rows: 1
  cols: 5
  data:
  - -1.399593126587951
  - 51.93676751892347
  - -0.008553867146512987
  - -0.02955556725751472
  - -740.7661228592767
