image_width: 8192
image_height: 5464
camera_name: EOS01
camera_matrix:
  rows: 3
  cols: 3
  data:
  - 15514.062568028852
  - 0.0
  - 3953.2990851912
  - 0.0
  - 15500.92367275584
  - 2936.7888102878096
  - 0.0
  - 0.0
  - 1.0
distortion_model: FULL_OPENCV
distortion_coefficients:
  rows: 1
  cols: 8
  data:
  - 50.47809771749459
  - -4.41922387002089
  - -0.00031002457969105736
  - -0.0027681001038851365
  - 27.89184364079671
  - 50.60726171128751
  - 13.796679496305458
  - -29.640052435064394
