image_width: 8192
image_height: 5464
camera_name: EOS01
camera_matrix:
  rows: 3
  cols: 3
  data:
  - 17049.795123439206
  - 0.0
  - 3600.3285219149566
  - 0.0
  - 17049.795123439206
  - 2661.223228039079
  - 0.0
  - 0.0
  - 1.0
distortion_model: SIMPLE_PINHOLE
distortion_coefficients:
  rows: 1
  cols: 0
  data: []
