image_width: 8192
image_height: 5464
camera_name: EOS01
camera_matrix:
  rows: 3
  cols: 3
  data:
  - 15585.893318688863
  - 0.0
  - 3876.7686164520833
  - 0.0
  - 15569.945452645634
  - 3090.094086158471
  - 0.0
  - 0.0
  - 1.0
distortion_model: OPENCV
distortion_coefficients:
  rows: 1
  cols: 5
  data:
  - -0.23489932770312333
  - -1.2448546111912229
  - 0.0014936548843745897
  - -0.0030001001566155394
  - 12.577031307871858
