image_width: 8192
image_height: 5464
camera_name: EOS01
camera_matrix:
  rows: 3
  cols: 3
  data:
  - 6767.51032770847
  - 0.0
  - 4176.874677717726
  - 0.0
  - 6752.458437072724
  - 2728.217402284418
  - 0.0
  - 0.0
  - 1.0
distortion_model: FULL_OPENCV
distortion_coefficients:
  rows: 1
  cols: 8
  data:
  - 230.9723412210152
  - -267.7076014986817
  - -0.00036097665241384446
  - 0.0013087315759656454
  - -53.83080425029184
  - 230.0740503757063
  - -266.22723155885626
  - -57.668645283597535
