image_width: 8192
image_height: 5464
camera_name: EOS01
camera_matrix:
  rows: 3
  cols: 3
  data:
  - 15569.10461457615
  - 0.0
  - 3915.2431546862013
  - 0.0
  - 15553.593296712039
  - 3083.6531192055095
  - 0.0
  - 0.0
  - 1.0
distortion_model: FULL_OPENCV
distortion_coefficients:
  rows: 1
  cols: 8
  data:
  - -22.91730932366097
  - -42.515610232540574
  - 0.0016087250621006392
  - -0.0027421361794469808
  - -6.132274413038079
  - -22.663892050202346
  - -48.050453463353875
  - -23.67624952051949
