image_width: 8192
image_height: 5464
camera_name: EOS01
camera_matrix:
  rows: 3
  cols: 3
  data:
  - 15189.93480644226
  - 0.0
  - 4068.758448785459
  - 0.0
  - 15173.684971178507
  - 2905.7503402144143
  - 0.0
  - 0.0
  - 1.0
distortion_model: OPENCV
distortion_coefficients:
  rows: 1
  cols: 4
  data:
  - -0.29543004022535463
  - 0.3122601091357426
  - 0.003804049734469782
  - -0.0015957753780040489
