image_width: 8192
image_height: 5464
camera_name: EOS01
camera_matrix:
  rows: 3
  cols: 3
  data:
  - 16149.396357165442
  - 0.0
  - 4472.415828422913
  - 0.0
  - 16150.483641000836
  - 2649.33690059108
  - 0.0
  - 0.0
  - 1.0
distortion_model: FULL_OPENCV
distortion_coefficients:
  rows: 1
  cols: 8
  data:
  - -18.525799627299897
  - 117.41208013571884
  - -0.0034335836343683626
  - 0.003643609463627755
  - -82.31938021851656
  - -18.29400844438273
  - 113.20941942585034
  - -58.06149287396385
