image_width: 8192
image_height: 5464
camera_name: EOS01
camera_matrix:
  rows: 3
  cols: 3
  data:
  - 15598.879791766089
  - 0.0
  - 4033.814895975829
  - 0.0
  - 15579.632027497342
  - 3137.5036264617434
  - 0.0
  - 0.0
  - 1.0
distortion_model: OPENCV
distortion_coefficients:
  rows: 1
  cols: 5
  data:
  - -0.24121383820189035
  - -1.4226698877841801
  - 0.0019177170005327457
  - -0.0008630704954026852
  - 14.538397250571022
