image_width: 8192
image_height: 5464
camera_name: EOS01
camera_matrix:
  rows: 3
  cols: 3
  data:
  - 6790.003490064701
  - 0.0
  - 4169.661679551994
  - 0.0
  - 6774.8301645331385
  - 2744.702787239009
  - 0.0
  - 0.0
  - 1.0
distortion_model: OPENCV
distortion_coefficients:
  rows: 1
  cols: 4
  data:
  - 0.012218991074017728
  - -0.0154928663908876
  - 0.0004974217344842077
  - 0.0008310872957123763
