frame_id: cam_frame
theta_x: -1.581624895332124
theta_y: -0.003688590448812868
theta_z: -0.000676321102353462
x_translation: -0.00034790886457611943
y_translation: 0.04226343540493114
z_translation: 0.08396112164677054
