frame_id: cam_frame
theta_x: -1.586365998668598
theta_y: -0.0013908327641583007
theta_z: 0.00931144209461858
x_translation: 0.0009808163564408957
y_translation: 0.06285003322507755
z_translation: 0.08136696496576716
