frame_id: cam_frame
theta_x: -1.5828455042765517
theta_y: -0.0027244264977348553
theta_z: -0.026018941123332456
x_translation: 0.000765614739111676
y_translation: 0.04806192809698813
z_translation: 0.07854100440975911
