frame_id: cam_frame
theta_x: -1.5960392984408778
theta_y: -0.006213665861970696
theta_z: -0.020282138558579934
x_translation: 0.0006057066408117066
y_translation: 0.05026207901649546
z_translation: 0.08103315232898377
