frame_id: ''
theta_x: -1.5654115528099615
theta_y: -0.015134320160071768
theta_z: -0.026008779926650738
x_translation: -0.002147910213304429
y_translation: 0.031363797076889445
z_translation: 0.0837505058047249
